idx	label	predict	pABar	correct	Rx	best_fair_value	cor_acc_value	time
0	1	1	0.9939982190557056	1	3.073564052581787	0.1010638177394867	0.5822222222222222	0:01:18.056468
1	1	1	0.9939982190557056	1	5.931667804718018	0.06609386205673218	0.5688888888888889	0:01:15.773235
2	1	1	0.9939982190557056	1	5.757838249206543	0.08620688319206238	0.5466666666666666	0:01:15.330366
3	1	1	0.9939982190557056	1	5.591061115264893	0.04993364214897156	0.5422222222222223	0:01:15.731528
4	1	1	0.9939982190557056	1	3.073564052581787	0.13151195645332336	0.56	0:01:17.047192
5	1	1	0.9939982190557056	1	5.275839805603027	0.11146169900894165	0.56	0:01:16.079870
6	1	1	0.9939982190557056	1	5.591061115264893	0.10462182760238647	0.5733333333333334	0:01:16.379791
7	1	1	0.9939982190557056	1	5.12623405456543	0.12654319405555725	0.56	0:01:18.447606
8	1	1	0.9939982190557056	1	5.275839805603027	0.056215494871139526	0.5866666666666667	0:01:16.969331
9	1	1	0.9939982190557056	1	6.113417625427246	0.05714285373687744	0.5333333333333333	0:01:16.057512
10	1	1	0.9939982190557056	1	5.12623405456543	0.051418453454971313	0.56	0:01:17.166801
11	1	1	0.9939982190557056	1	4.441171169281006	0.1260504424571991	0.5422222222222223	0:01:19.516601
12	1	1	0.9939982190557056	1	6.717767715454102	0.057758599519729614	0.5422222222222223	0:01:18.329263
13	1	1	0.9939982190557056	1	3.9509060382843018	0.10625961422920227	0.5644444444444444	0:01:15.743112
14	1	1	0.9939982190557056	1	6.717767715454102	0.038290977478027344	0.56	0:01:18.149677
15	1	1	0.9939982190557056	1	6.113417625427246	0.051418453454971313	0.5244444444444445	0:01:16.256188
16	1	1	0.9939982190557056	1	4.840695381164551	0.10240963101387024	0.5555555555555556	0:01:17.300303
17	1	1	0.9939982190557056	1	3.9509060382843018	0.16806721687316895	0.5377777777777778	0:01:16.559963
18	1	1	0.9939982190557056	1	3.9509060382843018	0.03951367735862732	0.5377777777777778	0:01:17.800294
19	1	1	0.9939982190557056	1	3.8345530033111572	0.08832511305809021	0.5511111111111111	0:01:16.300156
20	1	1	0.9939982190557056	1	5.43060302734375	0.055972009897232056	0.5377777777777778	0:01:14.930878
21	1	1	0.9939982190557056	1	7.186811447143555	0.09075632691383362	0.5644444444444444	0:01:16.856253
22	1	1	0.9939982190557056	1	5.12623405456543	0.07627692818641663	0.56	0:01:17.423683
23	1	1	0.9939982190557056	1	6.717767715454102	0.012464463710784912	0.5511111111111111	0:01:16.572004
24	1	1	0.9939982190557056	1	6.717767715454102	0.06997686624526978	0.5511111111111111	0:01:17.019962
25	1	1	0.9939982190557056	1	6.113417625427246	0.13534480333328247	0.5688888888888889	0:01:17.355494
26	1	1	0.9939982190557056	1	6.9441914558410645	0.066170334815979	0.5911111111111111	0:01:15.730489
27	1	1	0.9939982190557056	1	4.314509868621826	0.12815123796463013	0.5422222222222223	0:01:17.099389
28	1	1	0.9939982190557056	1	3.720360040664673	0.10369813442230225	0.5955555555555555	0:01:16.614942
29	1	1	0.9939982190557056	1	6.113417625427246	0.09938094019889832	0.5866666666666667	0:01:15.929900
30	1	1	0.9939982190557056	1	4.441171169281006	0.09385979175567627	0.56	0:01:17.159599
31	1	1	0.9939982190557056	1	5.591061115264893	0.04420500993728638	0.6	0:01:14.439162
32	1	1	0.9939982190557056	1	6.113417625427246	0.08745628595352173	0.5644444444444444	0:01:17.418783
33	1	1	0.9939982190557056	1	3.073564052581787	0.0687156617641449	0.5422222222222223	0:01:14.607539
34	1	1	0.9939982190557056	1	4.840695381164551	0.07647058367729187	0.5288888888888889	0:01:16.465142
35	1	1	0.9939982190557056	1	4.840695381164551	0.1163865327835083	0.5777777777777777	0:01:16.128686
36	1	1	0.9939982190557056	1	6.113417625427246	0.07737994194030762	0.56	0:01:19.686214
37	1	1	0.9939982190557056	1	5.931667804718018	0.09215328097343445	0.5511111111111111	0:01:17.973845
38	1	1	0.9939982190557056	1	2.8701207637786865	0.10674157738685608	0.5422222222222223	0:01:17.023995
39	1	1	0.9939982190557056	1	1.8267637491226196	0.11386552453041077	0.56	0:01:20.737753
40	1	1	0.9939982190557056	1	4.0695695877075195	0.09470266103744507	0.52	0:01:23.530327
41	1	1	0.9939982190557056	1	7.448858261108398	0.04734817147254944	0.5688888888888889	0:01:25.225340
42	1	1	0.9939982190557056	1	4.981321334838867	0.09705880284309387	0.5288888888888889	0:01:29.217849
43	1	1	0.9939982190557056	1	8.810772895812988	0.06790122389793396	0.5866666666666667	0:01:30.006325
44	1	1	0.9939982190557056	1	1.4702993631362915	0.09285712242126465	0.5777777777777777	0:01:22.581586
45	1	1	0.9939982190557056	1	4.981321334838867	0.04921090602874756	0.5733333333333334	0:01:27.312824
46	1	1	0.9939982190557056	1	4.57091760635376	0.10131710767745972	0.5688888888888889	0:01:26.711354
47	1	1	0.9939982190557056	1	1.1220380067825317	0.1802521049976349	0.5555555555555556	0:01:26.124340
48	1	1	0.9939982190557056	1	4.441171169281006	0.10714283585548401	0.5733333333333334	0:01:30.660779
49	1	1	0.9939982190557056	1	4.314509868621826	0.06218487024307251	0.5911111111111111	0:01:27.007681
50	1	1	0.9939982190557056	1	3.8345530033111572	0.0717141330242157	0.5777777777777777	0:01:27.260618
51	1	1	0.9939982190557056	1	3.608189105987549	0.08348968625068665	0.5422222222222223	0:01:22.541154
52	1	1	0.9939982190557056	1	7.448858261108398	0.09538820385932922	0.5688888888888889	0:01:22.640928
53	1	1	0.9939982190557056	1	6.3041276931762695	0.09447821974754333	0.5511111111111111	0:01:28.644333
54	1	1	0.9939982190557056	1	5.591061115264893	0.05294117331504822	0.5733333333333334	0:01:25.649753
55	1	1	0.9939982190557056	1	5.12623405456543	0.11146169900894165	0.5555555555555556	0:01:24.033432
56	1	1	0.9939982190557056	1	5.275839805603027	0.11574074625968933	0.5511111111111111	0:01:31.822058
57	1	1	0.9939982190557056	1	6.717767715454102	0.09536737203598022	0.5644444444444444	0:01:30.821706
58	1	1	0.9939982190557056	1	2.193765163421631	0.06064915657043457	0.5733333333333334	0:01:15.999759
59	1	1	0.9939982190557056	1	1.5585615634918213	0.13593778014183044	0.52	0:01:17.373429
60	1	1	0.9939982190557056	1	7.734676361083984	0.009372919797897339	0.5377777777777778	0:01:17.193957
61	1	1	0.9939982190557056	1	3.608189105987549	0.10840931534767151	0.5822222222222222	0:01:16.609619
62	1	1	0.9939982190557056	1	1.3825478553771973	0.07750758528709412	0.5466666666666666	0:01:16.623660
63	1	1	0.9939982190557056	1	7.186811447143555	0.08320841193199158	0.5644444444444444	0:01:16.729751
64	1	1	0.9939982190557056	1	7.448858261108398	0.10619691014289856	0.5511111111111111	0:01:16.114051
65	1	1	0.9939982190557056	1	4.840695381164551	0.09372925758361816	0.5644444444444444	0:01:17.722915
66	1	1	0.9939982190557056	1	6.505060195922852	0.088152676820755	0.5466666666666666	0:01:16.861405
67	1	1	0.9939982190557056	1	4.0695695877075195	0.08725947141647339	0.5555555555555556	0:01:16.059427
68	1	1	0.9939982190557056	1	3.3894169330596924	0.08571428060531616	0.6044444444444445	0:01:15.744018
69	1	1	0.9939982190557056	1	7.448858261108398	0.10272711515426636	0.5377777777777778	0:01:18.910262
70	1	1	0.9939982190557056	1	4.840695381164551	0.11435502767562866	0.5377777777777778	0:01:15.603250
71	1	1	0.9939982190557056	1	5.43060302734375	0.049138784408569336	0.5422222222222223	0:01:16.214545
72	1	1	0.9939982190557056	1	4.190710067749023	0.10787993669509888	0.5466666666666666	0:01:15.971605
73	1	1	0.9939982190557056	1	6.9441914558410645	0.04179331660270691	0.5555555555555556	0:01:16.254592
74	1	1	0.9939982190557056	1	6.113417625427246	0.11325263977050781	0.5733333333333334	0:01:16.911368
75	1	1	0.9939982190557056	1	4.441171169281006	0.12598294019699097	0.52	0:01:17.521691
76	1	1	0.9939982190557056	1	2.193765163421631	0.07497468590736389	0.5822222222222222	0:01:17.436471
77	1	1	0.9939982190557056	1	6.9441914558410645	0.04117646813392639	0.56	0:01:18.073609
78	1	1	0.9939982190557056	1	7.734676361083984	0.049138784408569336	0.5244444444444445	0:01:16.507657
79	1	1	0.9939982190557056	1	6.505060195922852	0.09829345345497131	0.5688888888888889	0:01:17.358647
80	1	1	0.9939982190557056	1	2.8701207637786865	0.10381463170051575	0.5377777777777778	0:01:16.465025
81	1	1	0.9939982190557056	1	3.9509060382843018	0.1065545380115509	0.5377777777777778	0:01:16.849519
82	1	1	0.9939982190557056	1	5.43060302734375	0.0534549355506897	0.5422222222222223	0:01:16.260165
83	1	1	0.9939982190557056	1	6.505060195922852	0.11946377158164978	0.5244444444444445	0:01:16.863100
84	1	1	0.9939982190557056	1	3.8345530033111572	0.07671073079109192	0.5377777777777778	0:01:17.120936
85	1	1	0.9939982190557056	1	6.717767715454102	0.07672527432441711	0.5244444444444445	0:01:15.819758
86	1	1	0.9939982190557056	1	4.190710067749023	0.1340610682964325	0.5555555555555556	0:01:16.002996
87	1	1	0.9939982190557056	1	2.8701207637786865	0.10805049538612366	0.5555555555555556	0:01:17.037762
88	1	1	0.9939982190557056	1	9.291595458984375	0.03151258826255798	0.56	0:01:16.931158
89	1	1	0.9939982190557056	1	7.186811447143555	0.0632183849811554	0.5555555555555556	0:01:17.182706
90	1	1	0.9939982190557056	1	3.3894169330596924	0.11890754103660583	0.5244444444444445	0:01:15.783273
91	1	1	0.9939982190557056	1	5.12623405456543	0.10381463170051575	0.5555555555555556	0:01:17.199874
92	1	1	0.9939982190557056	1	4.981321334838867	0.11769115924835205	0.5644444444444444	0:01:16.085339
93	1	-1	0.0	0	-1	-1	-1	0:01:16.169949
94	1	1	0.9939982190557056	1	6.505060195922852	0.08361342549324036	0.5555555555555556	0:01:16.725485
95	1	1	0.9939982190557056	1	4.190710067749023	0.12259373068809509	0.5466666666666666	0:01:16.461246
96	1	1	0.9939982190557056	1	6.9441914558410645	0.1315041184425354	0.5644444444444444	0:01:15.626909
97	1	1	0.9939982190557056	1	4.57091760635376	0.1235363781452179	0.6044444444444445	0:01:16.521945
98	1	1	0.9939982190557056	1	5.12623405456543	0.10537928342819214	0.5466666666666666	0:01:14.946263
99	1	1	0.9939982190557056	1	5.12623405456543	0.0678824782371521	0.5155555555555555	0:01:15.999005
