idx	label	predict	pABar	correct	Rx	best_fair_value	cor_acc_value	time
0	1	1	0.9939982190557052	1	63.04127502441406	0.0	0.5451851851851851	0:02:02.526870
1	1	1	0.9939982190557052	1	74.48857879638672	3.731250762939453e-05	0.6303703703703704	0:02:02.391056
2	1	1	0.9939982190557052	1	69.4419174194336	6.136298179626465e-05	0.5437037037037037	0:02:02.275831
3	1	1	0.9939982190557052	1	45.70917892456055	7.891654968261719e-05	0.6266666666666666	0:02:02.182864
4	1	1	0.9939982190557052	1	51.26234436035156	0.00011670589447021484	0.5940740740740741	0:02:02.207978
5	1	1	0.9939982190557052	1	65.05059814453125	0.00019878149032592773	0.6266666666666666	0:02:01.993677
6	1	1	0.9939982190557052	1	74.48857879638672	6.395578384399414e-05	0.6133333333333333	0:02:01.924568
7	1	1	0.9939982190557052	1	65.05059814453125	0.00023853778839111328	0.6155555555555555	0:02:02.059602
8	1	1	0.9939982190557052	1	51.26234436035156	0.0	0.5607407407407408	0:02:04.552049
9	1	1	0.9939982190557052	1	63.04127502441406	0.0	0.6074074074074074	0:02:30.251902
10	1	1	0.9939982190557052	1	38.34553146362305	0.00011670589447021484	0.5807407407407407	0:02:31.580405
11	1	1	0.9939982190557052	1	63.04127502441406	0.0	0.6022222222222222	0:02:31.388657
12	1	1	0.9939982190557052	1	77.34676361083984	0.0	0.5511111111111111	0:02:31.263100
13	1	1	0.9939982190557052	1	30.735641479492188	0.00032657384872436523	0.6029629629629629	0:02:31.608232
14	1	1	0.9939982190557052	1	65.05059814453125	6.395578384399414e-05	0.5977777777777777	0:02:31.789485
15	1	1	0.9939982190557052	1	84.0450439453125	1.2516975402832031e-05	0.597037037037037	0:02:31.604488
16	1	1	0.9939982190557052	1	47.03998947143555	6.395578384399414e-05	0.6088888888888888	0:02:31.511810
17	1	1	0.9939982190557052	1	41.907100677490234	0.00013524293899536133	0.58	0:02:31.518220
18	1	1	0.9939982190557052	1	21.00883674621582	0.000213623046875	0.6	0:02:31.163717
19	1	1	0.9939982190557052	1	55.91061019897461	0.00025218725204467773	0.5948148148148148	0:02:31.428694
20	1	1	0.9939982190557052	1	55.91061019897461	4.506111145019531e-05	0.5629629629629629	0:02:31.466137
21	1	1	0.9939982190557052	1	61.134178161621094	1.2874603271484375e-05	0.62	0:02:31.435244
22	1	1	0.9939982190557052	1	49.81321334838867	5.632638931274414e-05	0.5696296296296296	0:02:31.336884
23	1	1	0.9939982190557052	1	69.4419174194336	1.8537044525146484e-05	0.6081481481481481	0:02:31.646208
24	1	1	0.9939982190557052	1	71.86811828613281	6.136298179626465e-05	0.5518518518518518	0:02:31.637920
25	1	1	0.9939982190557052	1	69.4419174194336	0.0	0.5607407407407408	0:02:31.474777
26	1	1	0.9939982190557052	1	61.134178161621094	1.9073486328125e-05	0.5829629629629629	0:02:31.507146
27	1	1	0.9939982190557052	1	74.48857879638672	4.506111145019531e-05	0.5681481481481481	0:02:31.445850
28	1	1	0.9939982190557052	1	63.04127502441406	1.9073486328125e-05	0.6148148148148148	0:02:31.328055
29	1	1	0.9939982190557052	1	41.907100677490234	0.00016736984252929688	0.5814814814814815	0:02:31.452638
30	1	1	0.9939982190557052	1	77.34676361083984	6.139278411865234e-05	0.5681481481481481	0:02:33.479381
31	1	1	0.9939982190557052	1	55.91061019897461	0.0	0.6081481481481481	0:02:35.529100
32	1	1	0.9939982190557052	1	59.31667709350586	0.0	0.5725925925925925	0:02:35.635519
33	1	1	0.9939982190557052	1	74.48857879638672	1.9073486328125e-05	0.6081481481481481	0:02:35.453958
34	1	1	0.9939982190557052	1	41.907100677490234	1.2814998626708984e-05	0.6385185185185185	0:02:35.272501
35	1	1	0.9939982190557052	1	74.48857879638672	1.2516975402832031e-05	0.5962962962962962	0:02:35.527834
36	1	1	0.9939982190557052	1	61.134178161621094	1.8537044525146484e-05	0.6066666666666667	0:02:35.230691
37	1	1	0.9939982190557052	1	63.04127502441406	1.2874603271484375e-05	0.6133333333333333	0:02:35.520644
38	1	1	0.9939982190557052	1	40.69569778442383	0.00013524293899536133	0.5725925925925925	0:02:35.339648
39	1	1	0.9939982190557052	1	39.50905990600586	0.00016325712203979492	0.5703703703703703	0:02:35.492059
40	1	1	0.9939982190557052	1	39.50905990600586	0.0	0.5740740740740741	0:02:35.339580
41	1	1	0.9939982190557052	1	55.91061019897461	3.814697265625e-05	0.62	0:02:35.233665
42	1	1	0.9939982190557052	1	36.08189392089844	7.724761962890625e-05	0.5985185185185184	0:02:35.180611
43	1	1	0.9939982190557052	1	26.716426849365234	0.00018918514251708984	0.6362962962962962	0:02:35.065752
44	1	1	0.9939982190557052	1	57.57838439941406	1.2516975402832031e-05	0.5866666666666667	0:02:35.534206
45	1	1	0.9939982190557052	1	24.77587127685547	5.632638931274414e-05	0.5807407407407407	0:02:35.021527
46	1	1	0.9939982190557052	1	74.48857879638672	0.0	0.5785185185185185	0:02:34.882213
47	1	1	0.9939982190557052	1	54.3060302734375	0.0	0.6148148148148148	0:02:34.977371
48	1	1	0.9939982190557052	1	59.31667709350586	1.3172626495361328e-05	0.6155555555555555	0:02:34.750829
49	1	1	0.9939982190557052	1	59.31667709350586	7.617473602294922e-05	0.5555555555555556	0:02:35.007799
50	1	1	0.9939982190557052	1	67.17767333984375	1.2874603271484375e-05	0.6088888888888888	0:02:35.032244
51	1	1	0.9939982190557052	1	67.17767333984375	0.0	0.5681481481481481	0:02:35.189652
52	1	1	0.9939982190557052	1	49.81321334838867	0.00014066696166992188	0.6051851851851852	0:02:35.079661
53	1	1	0.9939982190557052	1	59.31667709350586	3.731250762939453e-05	0.6103703703703703	0:02:35.160949
54	1	1	0.9939982190557052	1	61.134178161621094	7.891654968261719e-05	0.6162962962962962	0:02:35.383292
55	1	1	0.9939982190557052	1	65.05059814453125	1.3172626495361328e-05	0.6192592592592592	0:02:35.348301
56	1	1	0.9939982190557052	1	54.3060302734375	4.506111145019531e-05	0.5525925925925925	0:02:35.282419
57	1	1	0.9939982190557052	1	38.34553146362305	0.00025838613510131836	0.5903703703703703	0:02:35.514983
58	1	1	0.9939982190557052	1	63.04127502441406	0.00037986040115356445	0.5925925925925926	0:02:35.506448
59	1	1	0.9939982190557052	1	51.26234436035156	4.506111145019531e-05	0.5762962962962963	0:02:35.653428
60	1	1	0.9939982190557052	1	40.69569778442383	0.00025838613510131836	0.6237037037037036	0:02:35.696466
61	1	1	0.9939982190557052	1	49.81321334838867	1.9073486328125e-05	0.6007407407407407	0:02:35.495859
62	1	1	0.9939982190557052	1	48.406951904296875	9.208917617797852e-05	0.5555555555555556	0:02:35.599858
63	1	1	0.9939982190557052	1	40.69569778442383	7.617473602294922e-05	0.5755555555555555	0:02:35.315699
64	1	1	0.9939982190557052	1	63.04127502441406	1.2516975402832031e-05	0.58	0:02:35.100763
65	1	1	0.9939982190557052	1	71.86811828613281	1.2814998626708984e-05	0.6325925925925926	0:02:35.185580
66	1	1	0.9939982190557052	1	69.4419174194336	0.0	0.5629629629629629	0:02:35.150507
67	1	1	0.9939982190557052	1	65.05059814453125	0.0	0.6044444444444445	0:02:35.103843
68	1	1	0.9939982190557052	1	63.04127502441406	4.506111145019531e-05	0.5762962962962963	0:02:35.080264
69	1	1	0.9939982190557052	1	43.14509963989258	4.506111145019531e-05	0.5637037037037037	0:02:35.635844
70	1	1	0.9939982190557052	1	61.134178161621094	0.0	0.5407407407407407	0:02:35.457679
71	1	1	0.9939982190557052	1	63.04127502441406	6.395578384399414e-05	0.6192592592592592	0:02:35.562478
72	1	1	0.9939982190557052	1	30.735641479492188	0.00014066696166992188	0.5948148148148148	0:02:34.984832
73	1	1	0.9939982190557052	1	55.91061019897461	1.2516975402832031e-05	0.5918518518518519	0:02:35.031009
74	1	1	0.9939982190557052	1	34.97913360595703	4.035234451293945e-05	0.5814814814814815	0:02:35.184462
75	1	1	0.9939982190557052	1	74.48857879638672	1.9073486328125e-05	0.591111111111111	0:02:35.397088
76	1	1	0.9939982190557052	1	71.86811828613281	7.891654968261719e-05	0.6014814814814815	0:02:35.044787
77	1	1	0.9939982190557052	1	69.4419174194336	1.9073486328125e-05	0.5940740740740741	0:02:35.235050
78	1	1	0.9939982190557052	1	65.05059814453125	6.306171417236328e-05	0.5977777777777777	0:02:34.997438
79	1	1	0.9939982190557052	1	30.735641479492188	0.0008627176284790039	0.5755555555555555	0:02:35.104708
80	1	1	0.9939982190557052	1	71.86811828613281	1.9073486328125e-05	0.6044444444444445	0:02:34.958224
81	1	1	0.9939982190557052	1	74.48857879638672	1.2874603271484375e-05	0.614074074074074	0:02:34.884032
82	1	1	0.9939982190557052	1	84.0450439453125	0.0	0.554074074074074	0:02:35.011894
83	1	1	0.9939982190557052	1	77.34676361083984	0.0	0.5518518518518518	0:02:35.049815
84	1	1	0.9939982190557052	1	65.05059814453125	1.9073486328125e-05	0.5940740740740741	0:02:34.902916
85	1	1	0.9939982190557052	1	49.81321334838867	0.0	0.5466666666666666	0:02:35.016349
86	1	1	0.9939982190557052	1	49.81321334838867	0.00014209747314453125	0.5785185185185185	0:02:34.795015
87	1	1	0.9939982190557052	1	71.86811828613281	1.9073486328125e-05	0.591111111111111	0:02:34.914926
88	1	1	0.9939982190557052	1	77.34676361083984	0.00011670589447021484	0.5925925925925926	0:02:35.082243
89	1	1	0.9939982190557052	1	55.91061019897461	3.814697265625e-05	0.6037037037037036	0:02:34.912088
90	1	1	0.9939982190557052	1	55.91061019897461	0.0	0.5644444444444444	0:02:34.984547
91	1	1	0.9939982190557052	1	77.34676361083984	1.2814998626708984e-05	0.6377777777777778	0:02:34.661890
92	1	1	0.9939982190557052	1	63.04127502441406	1.2874603271484375e-05	0.6296296296296297	0:02:34.995518
93	1	1	0.9939982190557052	1	63.04127502441406	0.0	0.5962962962962962	0:02:34.887245
94	1	1	0.9939982190557052	1	88.10772705078125	0.0	0.5555555555555556	0:02:34.880502
95	1	1	0.9939982190557052	1	63.04127502441406	1.2516975402832031e-05	0.5903703703703703	0:02:28.119937
96	1	1	0.9939982190557052	1	67.17767333984375	6.300210952758789e-05	0.5792592592592593	0:02:02.743682
97	1	1	0.9939982190557052	1	47.03998947143555	0.0001710057258605957	0.6059259259259259	0:02:02.718725
98	1	1	0.9939982190557052	1	71.86811828613281	0.00011670589447021484	0.5762962962962963	0:02:02.756253
99	1	1	0.9939982190557052	1	71.86811828613281	1.9073486328125e-05	0.6162962962962962	0:02:02.489939
